8013
4189
5652
8002
1024
7320
9142
8763
8986
1966
6405
7053
8088
5452
4109
8796
4394
8136
3397
7209
875
5458
8640
7740
5099
3667
1234
4509
158
1637
6880
6319
4637
7871
6400
313
3770
9915
9520
6721
9184
5333
930
3047
169
818
7765
5548
2650
5579
5071
5006
5001
1141
1430
9217
7039
8046
9534
6235
7863
1541
8524
395
6934
2358
5897
7079
7733
4370
2867
2162
2362
5671
2093
3334
133
3457
5959
9971
4806
3020
5016
9332
44
5621
839
6474
1159
2588
5450
4823
1327
1176
2245
4409
3278
6679
8612
1458
7416
4304
3924
6352
1435
3127
9483
7037
2017
3836
1656
5445
4050
465
1173
9615
2423
4886
9785
8795
8137
2227
2090
3798
2216
6209
5855
765
4759
7989
9636
9884
8437
2090
4119
9217
2023
2954
4591
177
5120
3481
1004
6918
1042
4158
9913
6005
926
1198
5806
6728
568
2343
898
9708
390
2774
3518
5417
8919
869
7421
3929
5008
837
7999
8279
4002
3587
6957
6614
4615
650
4694
8363
6587
7830
8984
6456
7335
5840
5403
3541
8424
6491
5735
4429
2622
7145
3941
2898
465
6730
7795
3678
3758
1539
3761
7080
3487
231
4217
1567
6537
1045
5484
8998
8431
253
6982
7452
6196
1472
4579
5991
6669
5011
7868
828
6740
4879
1738
4413
425
8681
2587
3759
9379
2505
1025
295
6132
4009
456
9537
7483
2780
9104
9597
5651
2936
360
3574
857
6849
7292
1888
9691
4708
5029
222
5723
4188
4159
4349
3107
2981
344
9264
5682
8411
9059
9960
1796
2157
1164
2096
3152
6388
8503
7427
1755
8842
5073
6922
6763
5737
3624
6038
4374
1297
1383
4134
9112
5380
8425
806
9858
6770
9086
5140
9296
2701
2123
3936
4179
8
2044
6431
5245
9905
8773
3292
9020
2071
6710
6460
4781
7242
2220
6620
8098
94
6020
6905
6126
2523
7819
6428
7676
3333
6433
2640
4304
3138
4572
4657
8997
5901
3465
1059
9094
4519
6349
8844
4248
6676
3497
3567
724
345
8924
8998
8083
4192
5202
7195
8801
8469
6747
4067
8388
1873
6
312
5062
6240
2012
6353
894
1537
6889
400
5870
8009
6196
4231
7653
2917
4960
3736
1379
9850
1436
920
3901
9802
6645
4800
6023
4934
3611
7344
7278
106
8976
3807
9832
5674
2205
3491
3362
7959
5183
8409
6601
5101
7726
5202
3029
2652
8991
4603
4031
1121
4639
6087
8628
2737
9439
9195
4737
4050
768
1445
3918
677
228
2938
1639
1427
4867
9579
7397
7923
5839
8371
7932
3846
8703
6768
6589
9343
9976
123
7772
4354
5722
5333
5740
424
614
5152
3014
7676
7838
4360
4456
6614
4852
7548
1978
2945
2036
5309
4108
5658
2558
1617
635
3383
1659
5508
8978
18
8993
8253
1261
2225
785
8200
3017
8452
846
2789
8519
9130
4792
108
6928
6959
198
7930
658
7494
5554
3405
2409
6655
8911
8889
5273
4086
869
7492
1223
9960
5997
7604
3911
3426
5832
8339
3007
4536
5993
2924
9659
3614
6515
7813
3434
4278
4013
7704
7558
3575
4195
8352
673
3095
1190
4269
3450
2853
9139
7539
351
3013
5840
3957
2701
8633
7362
2010
3202
8088
6845
5929
372
8237
6323
3847
4522
7743
2382
298
8888
3896
3304
7288
7928
8357
1575
5281
7027
7017
4327
6934
4480
3790
7231
3860
2419
7897
3829
1489
5607
5193
2797
5890
1238
9916
956
1446
6788
8909
6924
8835
5228
8109
1512
4027
7378
3517
6839
2042
1976
7046
2853
1407
12
8070
5517
2677
5998
1288
3859
6844
7648
1070
3053
1897
9654
157
5346
2583
796
6852
9563
4088
5847
9578
2534
2348
2052
8340
3721
4332
1276
4336
7539
4052
6809
4290
1118
7963
2050
2840
8993
5456
5442
7947
7858
1011
6311
3957
8040
4604
455
7753
7375
3260
2204
1907
9573
7951
5472
4381
9841
7723
8676
7675
8771
2151
8042
6869
22
9867
5074
4110
6962
8960
977
6773
3727
9299
2638
2056
9108
3595
2711
2895
7708
5764
8560
444
2938
2392
1883
7053
2228
8570
2435
2091
954
6110
8834
1443
746
632
2051
2799
5580
639
4354
7168
600
6302
9007
953
456
1687
4113
6651
6215
6308
1767
2601
5785
2844
2314
1559
436
7118
8990
4612
4988
8780
3495
2065
7949
7479
9000
6509
3777
2131
7367
9198
161
1223
1197
750
520
5556
8633
48
3267
384
2756
7741
2133
5853
8303
7920
9991
3114
9432
1466
4141
7702
3980
8418
1699
5404
7446
3341
1366
7744
4726
9878
671
8084
9517
8986
8666
6167
596
802
3285
6123
6268
6702
2068
9505
1599
1627
8657
3187
374
8544
6080
2334
8021
3115
8673
7946
7329
1267
415
4568
3905
6073
5669
9767
6050
7712
7472
7938
6036
2454
2448
1385
2274
3710
8392
3227
4223
5148
5732
9789
332
4252
9114
2442
7542
6431
8186
2470
5228
5283
1823
8320
2766
7549
2839
1972
6448
8454
7567
3627
8222
9151
6616
7088
8346
3346
342
5183
5313
1543
4182
6491
6028
3728
5535
6748
8499
1938
3810
3412
4443
3344
7036
2269
9327
9941
394
9713
5388
9454
9403
6868
919
8594
1281
4946
6554
3551
5233
4481
1179
2450
4843
4851
9629
7346
115
3818
7487
3225
3469
9911
6867
7248
7784
3650
7418
9878
3617
4656
1850
5277
7576
2195
145
3330
9839
516
1171
6375
4335
8261
3888
62
5349
8438
2241
7876
9226
3207
592
1511
6880
7893
7527
8774
3672
5058
145
851
8928
5829
4541
3415
2089
3659
8274
8451
4839
4297
5516
4783
3154
9136
355
8081
9258
2219
8348
5451
1591
8711
9001
3409
1470
4767
924
773
5903
7924
4522
289
3515
9413
4442
5825
1220
2817
1212
1162
4028
838
4182
8139
7711
5620
7274
1934
829
9908
1107
379
9663
1070
1454
3354
3883
220
4630
4338
739
3529
8503
9267
9783
132
1012
8412
1451
1543
3333
8762
67
9551
2520
6447
9690
1031
999
6330
7298
6677
8570
104
8854
2769
9811
4166
2668
6094
3736
98
2742
8950
8366
4238
903
4310
4704
7343
4291
2451
7375
6488
5167
823
9747
4222
2295
6444
7872
200
5870
8084
4292
4022
9408
4995
4156
9706
6548
4249
7159
3703
2221
544
6482
1524
1999
8302
9490
461
8399
2375
9264
2007
4932
2899
7422
6638
7561
2935
5032
8029
3604
3395
5350
7848
6000
9399
1966
3769
5639
5155
9254
3686
7052
1401
7799
4652
6084
7649
1693
8362
2372
5225
9786
3548
8758
8647
9787
6369
5317
5997
1539
5868
2152
5143
2979
4084
2684
1203
2219
4728
8377
5518
5177
9859
582
7
4832
9031
4681
6066
3301
1401
3527
5196
3891
1721
2265
1206
414
7181
3727
7600
932
5625
9855
8483
4960
8381
2982
6970
4520
7354
7615
8414
8854
2194
7441
6509
4067
299
626
5287
9007
4592
4762
7460
8734
1461
9938
3173
604
9972
8523
9365
2337
6617
4091
9612
8048
3766
9667
5617
3161
7556
4316
7864
910
5783
7311
6543
1811
1084
1779
2849
1246
4785
9185
2054
9214
9537
8852
4792
6905
2044
4893
7025
8413
2815
178
9398
2151
6308
5350
5034
2546
1721
1364
5088
6648
7221
4725
2674
1460
349
5969
2503
2615
4802
6466
7940
6857
307
7204
4610
7688
583
2648
3415
908
9119
9576
6884
907
4988
8981
3707
264
7085
9436
6378
9381
6002
9655
9736
9274
4002
1567
2683
878
1733
4239
7444
2658
5151
7444
2792
5069
5722
2033
747
4946
1438
7343
9083
4814
8416
6802
4294
3405
7525
8518
2777
6524
4753
3176
2391
1561
8080
8225
6658
6758
6655
9357
5577
8557
5672
7994
4317
6013
521
2940
4241
915
6864
9853
1454
7252
8469
1106
6801
4294
1444
2312
8546
1039
4485
8397
1986
501
6714
5132
4271
9860
4052
7024
2310
2062
7890
8617
1063
6076
648
3949
2334
3203
2936
4453
3731
3058
7247
5208
1007
5815
2254
2870
1433
2930
7619
1994
8332
8418
100
6723
2775
9947
1704
9644
7986
3144
2898
1542
6471
3965
3562
2759
9060
7478
2538
332
5612
9851
5410
8106
2004
4389
1896
3650
7265
2458
1680
7363
9980
9060
771
378
78
127
1103
980
8958
6049
3915
20
6532
8053
1989
7391
3145
5760
6122
2149
3213
5700
2898
1578
7829
7954
9653
6338
815
7034
638
2028
7507
3679
9994
3461
8024
9046
6701
3549
5439
4316
6162
743
6864
7223
2428
793
5488
9093
5789
8644
1740
4001
3858
7101
7492
5252
8602
8778
6518
2551
4226
4776
5318
6695
7758
5049
2680
6609
9205
7675
3226
5309
553
7347
2464
9080
530
553
8893
713
3175
7533
5258
6581
8424
1559
4631
7405
2762
1388
5340
1093
9488
3532
106
880
3010
4297
4530
8039
413
3906
7618
7832
5495
4125
2744
3563
6237
6611
6196
6000
9195
2676
4590
5780
8694
4524
9793
8915
938
2686
5267
503
3820
9180
1457
238
1131
2553
8508
1322
327
6965
4874
9377
734
8120
7339
149
4703
1370
9689
9150
4765
1310
4058
7459
3458
1631
6582
3784
5981
9763
7007
7377
4969
252
9137
8757
8828
1165
280
3934
5817
4010
3976
5516
4850
488
6270
7753
6173
1459
4481
5815
1617
8702
9059
7574
1582
6821
3610
2818
1431
1519
9541
9336
1453
5328
1565
6857
5449
9514
7787
2968
4261
6307
9696
3389
7383
4481
7348
9164
8939
6482
2078
7056
5980
7721
8029
1568
1439
9730
9489
7811
9117
9431
7481
7072
9115
8059
9210
1007
3479
499
920
8171
8736
8741
6788
7464
1074
4456
9698
7233
1117
4699
8982
9131
3170
9346
3339
3558
890
186
9039
689
3314
4030
9918
1084
806
978
938
89
6393
4364
8212
4748
4542
8275
7258
1154
7799
8800
5340
7485
231
417
4556
9197
2342
2556
4834
8331
465
2321
7945
3055
6683
552
4730
3729
8564
3561
2578
6828
6643
8218
5315
7182
1859
243
5220
9757
968
7533
7958
3300
4189
7369
4724
6026
9452
9886
9461
8804
5353
6730
5106
688
4523
4889
1790
4882
2551
1908
9383
4076
8170
9424
6840
1190
2451
1703
3896
9262
9868
1940
547
8457
9251
8264
4130
6503
5785
7625
7321
3332
581
4138
7902
7642
5526
7894
2337
4932
5204
7270
8812
9806
3634
7266
4584
7384
1554
4516
9257
2953
6676
9944
247
496
4797
9503
475
8086
3872
7235
8274
3072
6763
3333
7857
7984
9777
1618
9253
1258
7679
1476
2757
612
5357
4021
2759
487
2052
1838
395
1043
2854
5149
2056
7662
5086
7493
7313
6236
8853
3295
372
2027
1870
9791
5695
7014
1487
5921
7023
281
7724
2274
3606
276
3570
7947
5832
2968
4652
4328
8306
2574
7270
8103
1608
5031
6060
108
3498
6734
2765
5234
6274
8906
1682
3163
9372
6607
7221
7832
9906
4756
3631
8276
3523
6016
4834
2042
4448
7742
5072
5192
5987
6959
4502
9339
1308
4094
9945
9753
1209
3086
7915
8430
4065
3424
6266
8974
4333
1921
3318
9386
723
1232
7724
4637
5681
5086
5891
118
9362
957
5202
5872
592
2123
1373
5580
1879
584
7738
7120
8738
5186
8596
5449
7940
3602
1483
2828
3092
7503
2454
9291
3270
49
1335
4819
6818
8240
7689
9585
5220
8187
4120
1525
5967
6868
9052
3262
94
6824
3012
1813
7273
3868
9179
9350
9648
5619
2058
8953
2455
301
3050
9295
6286
7258
9443
3896
6476
5436
4006
3457
584
7177
6724
8906
9939
1743
6105
502
5445
7603
73
1100
2562
3202
3253
6186
9801
1960
6841
1129
8297
6671
8757
9915
3760
2735
3974
5249
2834
5572
7441
5273
514
1309
3979
1333
7520
7649
4408
5559
4879
700
7918
8232
5042
3143
1029
2408
4530
3061
6589
5247
9742
4393
3500
2626
7728
7509
4050
4337
4408
2110
9979
2430
6343
9483
1729
648
634
6716
9643
1989
2833
2696
8535
3358
6603
862
4959
9572
1888
6301
9466
6144
8203
3279
8354
5064
1873
4576
5853
6670
4706
28
122
5138
9755
6839
1114
2488
102
1750
7385
8404
9327
8490
6535
6834
9603
2445
8216
9362
6423
1205
5284
9584
4050
2549
9515
9170
4104
6099
1193
1914
5445
548
2
1083
1362
963
7562
9625
8742
4289
8339
329
8764
5287
7604
9591
6029
6903
563
6039
1738
9280
7599
4995
1673
8687
8108
9379
4393
4226
3931
5978
6371
3417
6213
4765
4527
7046
1381
7663
8496
5827
6351
5847
5037
1106
5569
4147
3501
8671
6020
5430
6510
5602
767
5116
7699
2769
2840
3071
1591
3699
7815
50
7298
5198
9962
8890
6391
8642
2335
1389
1495
3999
2049
3346
38
6944
8289
1720
9671
5259
6160
531
8615
6672
2279
8161
8547
7327
7204
8234
3751
9831
4865
3958
4037
665
1602
5992
9550
907
4059
5496
1375
2872
8300
1167
3066
4276
5818
2699
2384
1486
8027
7298
5417
7438
1821
5252
4672
2686
3299
6089
5533
2884
2477
1081
64
3709
4627
5610
9175
6742
4351
1364
4076
9028
3076
9345
8110
803
7374
8752
2010
8876
263
4216
7575
5535
67
7417
6011
2016
3721
7407
1004
6046
4719
9344
3159
8654
6753
885
1735
934
8685
1733
9826
9974
2366
2444
2022
5185
3298
3690
491
6232
3050
4888
4549
2680
1631
1638
4137
330
9131
2720
1641
6968
5051
3887
8590
272
5855
3419
5377
1681
3514
4270
5430
5649
7789
8948
3397
9073
5819
447
5126
9832
8952
3462
1736
7996
3027
7389
6559
4896
8605
1
7016
8455
6884
7450
6330
4071
3137
258
9338
6456
2667
324
8682
1323
6021
5390
4112
9080
3035
8817
15
5871
5684
2135
244
7552
2212
4820
5823
534
3649
7988
5276
4463
5568
9860
7645
7175
8188
5485
3126
7153
9874
6092
7684
871
9275
4333
9675
9689
6183
3653
3322
5921
4514
6078
3709
3943
6790
7197
9839
7281
7837
3343
1722
1602
8209
642
189
6771
1523
2177
7432
2272
6292
2743
4983
4153
6770
7093
7769
9624
5651
6654
7468
306
9511
447
582
2214
829
6748
1714
6579
2805
1686
822
2439
333
7897
6109
3617
1594
5329
3062
9192
2261
6140
4727
3829
783
2074
5615
234
3794
3202
8791
8950
9718
7519
3332
4753
4253
3831
3389
8770
4460
5979
5379
7808
502
6906
545
7700
6582
2305
6993
1870
5001
5501
3833
1807
2869
673
5520
5443
2986
5363
6625
9201
420
9552
1355
9947
5306
2320
7842
4768
7318
8932
1030
1873
4353
5708
317
9905
1594
2629
1056
7541
9603
5440
6159
8778
7369
5965
7362
5478
4110
1014
1709
4903
36
7192
5390
6984
6407
2796
3462
2562
4456
8149
3298
2559
2130
7681
3942
4890
6059
4226
9493
9794
2441
3991
7871
5964
494
3555
7494
8648
6513
9951
3199
9484
698
75
3762
5357
5914
4655
9566
5197
9365
704
9981
8366
2925
7583
3726
9028
4764
3595
85
6184
3150
6966
8635
4664
3992
7093
2835
6764
3945
8817
9483
9604
7035
6491
3771
5102
5030
1549
4077
8163
6946
9659
3384
1505
5942
2711
6363
1443
850
4324
1459
9388
9157
883
3065
2482
6284
4889
299
5095
3832
9506
9477
3636
8762
5262
2204
3502
6158
4809
7895
858
1937
7161
602
6476
9537
1168
1136
7275
9744
6706
8420
1137
4195
9504
700
6414
1693
4018
8835
4076
7011
836
1378
9758
2428
4087
1002
8881
9927
2904
4128
6756
7305
1374
7285
6724
3505
3357
5681
2416
2346
7575
6300
2396
8413
1794
5416
8145
5392
7413
2222
9200
6206
1820
9060
4423
484
1739
1096
1805
5542
8878
5772
6583
4652
9999
3102
6861
8332
9761
8418
2102
1861
7609
5086
912
9893
8765
5954
8909
8328
85
3522
9959
7789
9277
7825
2195
5046
8620
9643
659
6157
8415
5552
4790
126
9375
3400
138
5797
2913
6775
8274
1636
7900
7983
9474
8464
9157
7756
8327
441
3046
8528
9668
5940
4205
6028
9606
743
5760
3543
6409
5825
8591
9742
6324
1283
3010
5256
2432
4783
4561
9381
4566
4075
1282
3523
9782
7394
9421
8764
8339
9400
828
5343
7995
9015
8846
9577
7685
5899
1227
4592
6323
4038
3601
4972
8471
9568
5564
1618
2418
207
805
7567
6295
431
7537
8333
4319
6559
7002
2741
9221
9512
2107
5777
7073
5738
1701
4204
1202
2932
383
9977
2276
8320
234
9005
1218
6457
850
3482
6373
1737
1488
968
9962
5316
7804
754
4657
7835
1696
203
5297
2381
1352
7339
1258
4545
3110
4250
9299
1432
9106
8999
6273
6306
6798
6389
9993
6032
9063
9091
7404
3874
6615
550
5857
3036
3816
4294
9649
6681
4771
5122
28
572
5207
4352
6825
3439
8901
6389
4714
9627
2599
2301
2301
6562
8017
9848
7743
2300
7775
9538
7420
6508
7966
1132
5730
2302
6344
6396
7347
7711
8871
5582
7016
8425
4618
6949
1666
2314
1781
4595
9804
6768
818
1104
9997
899
2566
6538
6682
2798
3231
9498
7304
748
2329
2415
8959
5451
9408
697
2218
3616
1215
212
2410
5879
4279
4606
4922
8484
1739
9911
3870
2971
7736
3412
997
3544
6578
4640
4909
604
2698
7072
8757
7797
6156
2081
4733
5113
9108
4593
5146
4687
8400
3974
7687
394
641
9438
3909
7266
7019
4165
5506
1729
8028
2925
2504
7223
9657
221
4460
8170
5236
9704
6231
6749
4666
8344
1793
4572
7273
295
4265
2385
30
4330
7345
9990
3596
4859
38
8600
1145
4977
8030
9877
3954
3166
6378
6210
9823
1732
3291
6715
8929
1909
5121
3671
6968
1863
3230
2726
3505
5792
1272
1739
301
5811
766
7216
253
9526
2978
3307
3480
2815
5460
4955
1679
4315
1664
8878
5304
8427
3278
291
6662
6380
4519
422
8202
7105
8983
4654
3683
7407
7646
2383
5584
4149
9920
2348
4390
5718
156
7149
9358
5700
8746
3416
3877
666
1821
5455
6199
870
393
3510
118
8657
814
8544
1476
9436
